<<<<<<< HEAD
#Epochs
10000

#Quantities
100 100 100 100 100

#Attraction
-10.0   -5.0    3.0    -2.0    0.0
6.0     -10.0   -4.0   5.0     -1.0
-2.0    7.0     10.0   -6.0    4.0
1.0     -3.0    5.0    10.0    -7.0
-4.0    2.0     -1.0   6.0     10.0

#Viscosity
0.8

#RepulsionStrength
50.0

#Radius
100.0
=======
# Epochs
30000
# Quantities
150 150 150 150 50
# Attraction
-0.12  -0.08  -0.14  -0.10   0.15
-0.09  -0.11  -0.07  -0.13   0.12
-0.10  -0.06  -0.15  -0.08   0.18
-0.11  -0.13  -0.09  -0.12   0.14
 0.17   0.16   0.14   0.15   0.0
>>>>>>> bf6c00ccd2c539a21bf965821618ca5640660d57
