#Epochs
100000
#Quantities
100 100 100 100 100 100 100 100 100 100
#Attraction
0.794 0.358 0.306 -0.65 0.491 -0.323 -0.657 0.727 -0.89 0.32
0.858 -0.297 0.948 -0.796 -0.926 -0.256 0.153 -0.566 0.392 -0.994
-0.283 -0.262 -0.863 -0.713 -0.242 -0.995 -0.486 -0.629 0.971 0.836
-0.675 0.634 -0.851 -0.817 0.489 -0.115 -0.004 0.124 0.914 -0.078
-0.836 -0.625 -0.149 -0.75 0.013 0.47 0.98 0.412 -0.295 -0.433
-0.93 0.307 -0.627 -0.855 -0.067 0.152 0.615 -0.175 -0.637 -0.105
0.929 0.598 -0.115 0.075 0.06 -0.345 0.948 -0.793 -0.064 0.434
-0.599 0.884 0.896 -0.148 -0.1 0.415 0.135 -0.259 -0.794 0.745
-0.612 0.725 0.818 -0.993 -0.831 0.555 -0.937 -0.886 -0.045 0.816
0.491 -0.309 0.208 0.525 0.434 -0.132 -0.578 -0.36 -0.813 0.306
#Viscosity
0.4
#Radius
50
#RepulsionStrength
4.0
