#Epochs
100000
#Quantities
100 100 100 100 100 100 100 100
#Attraction
0.158 -0.08 -0.437 0.674 0.738 -0.963 -0.611 0.671
0.453 0.47 0.95 -0.467 -0.126 0.711 0.385 0.923
-0.969 0.085 -0.974 0.973 -0.374 0.588 -0.137 -0.855
0.465 0.031 -0.709 -0.755 0.855 -0.18 -0.945 -0.814
0.259 -0.486 0.236 -0.791 0.706 -0.257 0.471 -0.916
-0.873 -0.59 -0.716 -0.865 0.108 -0.269 0.733 0.514
0.118 0.031 1.0 -0.053 0.772 0.732 -0.982 0.232
-0.177 0.366 -0.316 0.171 0.835 -0.164 0.22 0.237
#Viscosity
0.4
#Radius
50
#RepulsionStrength
4.0
